# Created by Octave 5.1.0, Sat Mar 05 21:27:21 2022 GMT <unknown@Panoramix-Home>
# name: x_samplewav
# type: matrix
# rows: 20
# columns: 1
 0
 0.3046875
 0.5859375
 0.8046875
 0.9453125
 0.9921875
 0.9453125
 0.8046875
 0.5859375
 0.3046875
 0
 -0.3046875
 -0.5859375
 -0.8046875
 -0.9453125
 -0.9921875
 -0.9453125
 -0.8046875
 -0.5859375
 -0.3046875


